[int_cam01_img]
name = "int_cam01_img"
size = [ 3840.0, 2160.0]
matrix = [ [ 1824.6097978600892, 0.0, 1919.5], [ 0.0, 1826.6675222017589, 1079.5], [ 0.0, 0.0, 1.0]]
distortions = [ 0.0, 0.0, 0.0, 0.0]
rotation = [ 1.5279381479353715, 0.689714474695117, -0.6394430341150583]
translation = [ -0.6805688403852366, 0.9953412416855291, 3.807125585281265]
fisheye = false

[int_cam02_img]
name = "int_cam02_img"
size = [ 3840.0, 2160.0]
matrix = [ [ 1824.6097978600892, 0.0, 1919.5], [ 0.0, 1826.6675222017589, 1079.5], [ 0.0, 0.0, 1.0]]
distortions = [ 0.0, 0.0, 0.0, 0.0]
rotation = [ 0.7883964292136602, 1.8164093024582832, -1.7106510957149481]
translation = [ -0.14801647033525225, 1.0220650512359255, 3.9176468671809292]
fisheye = false

[int_cam03_img]
name = "int_cam03_img"
size = [ 3840.0, 2160.0]
matrix = [ [ 1824.6097978600892, 0.0, 1919.5], [ 0.0, 1826.6675222017589, 1079.5], [ 0.0, 0.0, 1.0]]
distortions = [ 0.0, 0.0, 0.0, 0.0]
rotation = [ 0.5666874459658516, -1.923006982429506, 1.8596510018799137]
translation = [ -0.0766585463933525, 1.140029464459908, 3.175959888599654]
fisheye = false

[int_cam04_img]
name = "int_cam04_img"
size = [ 3840.0, 2160.0]
matrix = [ [ 1824.6097978600892, 0.0, 1919.5], [ 0.0, 1826.6675222017589, 1079.5], [ 0.0, 0.0, 1.0]]
distortions = [ 0.0, 0.0, 0.0, 0.0]
rotation = [ 1.6021023315326361, -0.5968407393668261, 0.5188792809867786]
translation = [ -0.42808895298246175, 0.8820794301677218, 2.5919775180190285]
fisheye = false

[metadata]
adjusted = false
error = 0.0
