[int_cam01_img]
name = "int_cam01_img"
size = [ 3840.0, 2160.0]
matrix = [ [ 1824.6097978600892, 0.0, 1919.5], [ 0.0, 1826.6675222017589, 1079.5], [ 0.0, 0.0, 1.0]]
distortions = [ 0.0, 0.0, 0.0, 0.0]
rotation = [ 1.523588440938188, 0.6794579690945597, -0.6486441367624854]
translation = [ -0.6796017392263595, 0.9961828291826432, 3.802397847837437]
fisheye = false

[int_cam02_img]
name = "int_cam02_img"
size = [ 3840.0, 2160.0]
matrix = [ [ 1824.6097978600892, 0.0, 1919.5], [ 0.0, 1826.6675222017589, 1079.5], [ 0.0, 0.0, 1.0]]
distortions = [ 0.0, 0.0, 0.0, 0.0]
rotation = [ 0.7803640592838248, 1.8034459212762914, -1.704541699959432]
translation = [ -0.15037718154268714, 1.023244027439274, 3.916000290012321]
fisheye = false

[int_cam03_img]
name = "int_cam03_img"
size = [ 3840.0, 2160.0]
matrix = [ [ 1824.6097978600892, 0.0, 1919.5], [ 0.0, 1826.6675222017589, 1079.5], [ 0.0, 0.0, 1.0]]
distortions = [ 0.0, 0.0, 0.0, 0.0]
rotation = [ 0.5769044186718995, -1.9312424305053792, 1.860165149533294]
translation = [ -0.07715085369506994, 1.1418003143626638, 3.177904239761837]
fisheye = false

[int_cam04_img]
name = "int_cam04_img"
size = [ 3840.0, 2160.0]
matrix = [ [ 1824.6097978600892, 0.0, 1919.5], [ 0.0, 1826.6675222017589, 1079.5], [ 0.0, 0.0, 1.0]]
distortions = [ 0.0, 0.0, 0.0, 0.0]
rotation = [ 1.6042388465391617, -0.6121210343044154, 0.5156177418447333]
translation = [ -0.42649707405736537, 0.8845683485971766, 2.5964214532135883]
fisheye = false

[metadata]
adjusted = false
error = 0.0
