[int_cam01_img]
name = "int_cam01_img"
size = [ 3840.0, 2160.0]
matrix = [ [ 1824.5847622145222, 0.0, 1919.5], [ 0.0, 1824.5847622145222, 1079.5], [ 0.0, 0.0, 1.0]]
distortions = [ 0.0, 0.0, 0.0, 0.0]
rotation = [ 1.5242459614914536, 0.6771779517417978, -0.6484805972168514]
translation = [ -0.6791632800455651, 0.9975738635872893, 3.8041258837119454]
fisheye = false

[int_cam02_img]
name = "int_cam02_img"
size = [ 3840.0, 2160.0]
matrix = [ [ 1824.6038164291322, 0.0, 1919.5], [ 0.0, 1824.6038164291322, 1079.5], [ 0.0, 0.0, 1.0]]
distortions = [ 0.0, 0.0, 0.0, 0.0]
rotation = [ 0.780372440436122, 1.8054465438917287, -1.705397438016555]
translation = [ -0.14936786204845326, 1.0239004701548424, 3.9168909592161154]
fisheye = false

[int_cam03_img]
name = "int_cam03_img"
size = [ 3840.0, 2160.0]
matrix = [ [ 1824.5768160340065, 0.0, 1919.5], [ 0.0, 1824.5768160340065, 1079.5], [ 0.0, 0.0, 1.0]]
distortions = [ 0.0, 0.0, 0.0, 0.0]
rotation = [ 0.5755287985569179, -1.9308037594694833, 1.8607295142661862]
translation = [ -0.07790945259913257, 1.1441042363829232, 3.1806313351809963]
fisheye = false

[int_cam04_img]
name = "int_cam04_img"
size = [ 3840.0, 2160.0]
matrix = [ [ 1824.7137429778982, 0.0, 1919.5], [ 0.0, 1824.7137429778982, 1079.5], [ 0.0, 0.0, 1.0]]
distortions = [ 0.0, 0.0, 0.0, 0.0]
rotation = [ 1.6044895364959533, -0.6122530302902036, 0.5140047556944746]
translation = [ -0.4255340653880023, 0.8828048582237885, 2.58918784449435]
fisheye = false

[metadata]
adjusted = false
error = 0.0
