[int_cam01_img]
name = "int_cam01_img"
size = [ 3840.0, 2160.0]
matrix = [ [ 1824.6097978600892, 0.0, 1919.5], [ 0.0, 1826.6675222017589, 1079.5], [ 0.0, 0.0, 1.0]]
distortions = [ 0.0, 0.0, 0.0, 0.0]
rotation = [ 1.5291958333517868, 0.6707181928148008, -0.6420151875619083]
translation = [ -0.6801114209017228, 0.9941138671359852, 3.793712228414498]
fisheye = false

[int_cam02_img]
name = "int_cam02_img"
size = [ 3840.0, 2160.0]
matrix = [ [ 1824.6097978600892, 0.0, 1919.5], [ 0.0, 1826.6675222017589, 1079.5], [ 0.0, 0.0, 1.0]]
distortions = [ 0.0, 0.0, 0.0, 0.0]
rotation = [ 0.7855184876161081, 1.8046650277736116, -1.7036556521875594]
translation = [ -0.1504218190828232, 1.0181360989901311, 3.9033257574742795]
fisheye = false

[int_cam03_img]
name = "int_cam03_img"
size = [ 3840.0, 2160.0]
matrix = [ [ 1824.6097978600892, 0.0, 1919.5], [ 0.0, 1826.6675222017589, 1079.5], [ 0.0, 0.0, 1.0]]
distortions = [ 0.0, 0.0, 0.0, 0.0]
rotation = [ 0.5792831134869603, -1.9377519784037753, 1.8491862654479287]
translation = [ -0.0740378849915504, 1.1352387047058394, 3.158481707287558]
fisheye = false

[int_cam04_img]
name = "int_cam04_img"
size = [ 3840.0, 2160.0]
matrix = [ [ 1824.6097978600892, 0.0, 1919.5], [ 0.0, 1826.6675222017589, 1079.5], [ 0.0, 0.0, 1.0]]
distortions = [ 0.0, 0.0, 0.0, 0.0]
rotation = [ 1.6099249063097694, -0.6124293389345561, 0.512473130512837]
translation = [ -0.4238646907291282, 0.8829368860220912, 2.5891545297783614]
fisheye = false

[metadata]
adjusted = false
error = 0.0
